5
25 25
1001101100101110000101001
0011101111010000001011010
1101110101011000101011001
0001110110110011100111110
1011100111111101000100101
0100001000110100001101010
0000001000011001100111001
0001000000000111101001100
1010011000100001111010110
0001011000110011100100101
0000001101100100101001111
1100110101010000101011110
0001100010000000111011000
0111010000100010011101001
1001001111101101001101011
1001001110111000010100100
1011110100000100110110111
1100101100111010111111100
1111010110001000001111101
1110011011111010011001101
1110001110110111000001111
1011001111001011010110110
0011100111100110001111110
1111101101011011100000011
1010011010000110100001100
25 25
0000111110110010001100001
1100000011011011101010001
0101111001011000001011001
0100100010111011010100011
1010100110100100000001100
1001000101000001101011100
1110100110111011011011100
1100000111011011111011011
0100010111101010000100000
1011001101000111011101010
1110011110000110111010000
0000111110100001110010000
1101001011000001100001100
0111010100001111100011000
1001100100100011011100001
0011111011111011110010110
1011100100111001101001010
0011000101010010000110001
0101111001111010111001000
0101000001001011101000010
0110111000010010010001011
0111010111011001010111011
0111010111010101011010110
0110000001110000101000110
1110101011000110000111010
25 25
0011110111011000100001101
1110100101000010110111111
0011000011111000010111100
0000100011100011011111010
1101000001011010111111111
0010111110001010010010111
1010100100000111011100100
1100111101000000001100001
0001011111000100011011000
0110101100101001100011001
1000100111111100001010001
1011010100111100111010001
0011101110000110111101011
1000010001011010000010101
0001010001001010010100001
0010111111111001110000111
1010010101000110010100010
1010000110110100000011000
1111110001011011010001110
0011100000110011010011111
0100110110000110110100000
1101001010111111101110100
0101100100001000001111001
1100101011111110100101110
0100001110111110111101110
25 25
0010000011010011010001100
0111101101000110111110000
1000101110001100110111101
0110101111010100000000101
0111100001101001101000000
0101111001010110111100001
0010111101001000111111111
0111010010101001000000100
0100110000100001110001001
1001001101000010101000111
0110000010010110010000100
1000011000011100011001100
0010011100001010100011101
0001100101010110010010001
1000011110001100100011010
1110001000110110011011111
1110001011110100010010110
0000111100001111101110110
0000100001100110000111010
0011010111111001011010011
1011001000001111110110110
1110010011011010001110000
1000101101111010010100111
1110000111110011101101100
1011011101110001101100111
25 25
1011001010000011000110100
0111000001010001111111000
1000100100000111010101001
1011100011010010011100100
0001111001101011101011000
1000000110010011101100100
1110101010001001000011110
1101100111101100110101101
0000110000101101111011111
1100010111101101000001010
1101001110000100100010011
0010110100111011110110000
0111011110010011011100100
0001111000001000110111010
1101100011010011100110110
0010101011010000011011000
1100010111111100101111000
1010111110101011100001010
1010110000101000010000011
0110011011111101011010100
1100110000101001100110001
1110101011001011111111000
0000111001111101010101101
1010000000110000001001100
1000100010110010100000011
