5
50 50
00101101100010101100100110001100010100000101001011
11010101000110000111111010111010100111110111101100
10100101111001101011110010111010010001000001101001
11001111000001000110010100100101000101011111100111
01100010000000001111111000010011010001101101011011
00101010101110110100001100011011101100110101101110
01100111101000011000100000100101010101000001000000
11010110101010101001100111111010001011000110110010
11101001011000010110000100001000011101010000101110
00000010110001100001011011101101110100111001101100
00110010001110111011000111011100101100011000011000
00010111100010010101011110111010011000011001100110
01100110010010010110101101111110010100001001101101
10110011011100001100011101011101001100010101100010
01001000010110100011011001101101011111011011011010
01100110001111101110001110010010011011110010100010
11000001001100001101110000100110101101110010001000
11000010110000111100011111011000100101010011010001
01100010101100100101000100000101100001100100011101
10010101010110101101011111000001000000101110110000
00010101011110100110010101001101001110010000100001
10011011011001101110011000000001101101111010010110
11000011111000010111100001000000100011110011100000
00001100011110100111001100011000111110111110001100
11111011000010100111000010001001111100111010101010
01001101000010100011011110001000111111111110011110
11011010110101001001101111000011010001111001001101
11010011010001001010110110010011110101001110101101
00100010000010100000010001100110110000111101101111
11100011110001010010010110001111000110111100010101
01010010011000110110111011101001000110011100111000
01010111000100101110100111001100000101010010001100
00110010011110111101110000110100100100000000000100
00010000001000100111110001101100011111011010011110
10000001010000111111100100011100000110111000111000
10000111100101110010110000101100011001011001101100
01111010010001101011100010110000000111101010010111
10001110001101011101010101110100100001001011110001
10101101011101101110010010100011101000100100111101
10000111000110001100000010010111000110101110010000
01111110001011111011101100110111000100101000110010
01110101000010100101011101110001010100011110110100
11110101111100011100011011001010010000110110010100
01011010001010011001111101100011010011011000111101
01110001111000111011111101111101011110000101000101
11010010111101010110101101100101000101010010011111
01011011001110110011001111010000000111011010110010
01111110010110001100100010001001110101100011101100
10111110100010100111011011111000110000001101101110
01011111001101111110110000100100111011000100001111
50 50
10010100101100011011000111011001001101101101000111
11101011101110100110101000000111001100111000111110
01110100110001010110100101111100111101110010111010
00010000010101011100010011110000100111111100000110
11101000100111101000000001111000111100000101101110
11111101011100101111100011100001101101111111010010
11000100010100011010101100101001100011010000011101
01001101001000100111001110101011010011101000000001
00001111010000010000110011111000111010101111111011
00110011001010011001110001110011001101000100111001
11010110011000100100110011010011101011101111110000
00101011101100001101100101111011111001100001110111
10001000110101111111011110000101010101101111001110
00110111100010011010011111110011010111011101000110
11111010001101111000100000010011110111110001000010
11100011110101001110101111110000000011101000000110
10100011110101110001110011001110101011111110101001
10101000001111111100011110000000110100111011110110
01100001100000110010101001101010110101000010001000
00111010011101001100000000111010001010111001101101
11001101010010110010001001011011111111011111010011
10110101110111001101010010111001101110001110010000
00010111010001111101101100101000110110100101101010
10010000110111110000001011001100110010100011110000
00000110010110011010010001101010101010010011111001
10001100100000011100010110001101000110010101011111
11100001010011010110100110100010000000001110011110
10010101110111000010010000000100001010011001001000
11010101011010110111101110001101111111100111010110
00100001010011101100100010110101111101101101100001
00100000011110101010111010000000100000110000010011
10010000101001110101111000100101001101100100010101
00011001001101100001101011010010111101010110110100
01000110101000001011011111111101100101101110011101
11000110001011101111000101001111100000110000101011
01011110111011011001001011111011110000101010001001
11100111010011011001000110100010011001001010001010
01001001000111111001010100011111011101101011000101
00010001001110110101111101101110001100101111111010
00100011101010110001101001100001011101011011001110
01000101111010100010011000000111000000111101111101
00101001111010000111111010100001010001011101111110
01001110111010101010101001001001111001000111001111
10011010011011001101001111111111001001100111101000
11101101110011011100010000000101011111010011111100
00011001101000011111011110010101001011100110110000
00110001111101100011110110001000100100110110111100
01011110101110001010111001000001010010100101111000
00100100110100001101111110001100011001100110000011
10100010000111000000110000011110101110010110000101
50 50
00010011110110010100101111011010101001011010001100
01000010011010111001000100101110010001100111110100
00110110101111111011010100100111011011100011111010
10100011001111100010001111100000101111100011111101
11110001110101001001010111010000010011010010000101
01100010011000010100010110100111000110110010001110
11010001011000000101001110011000010111100101000111
01010011100111100001110011100101011000110110011111
00011011101100000010010011100101110101011100001000
01110010101111000010101001110111100100010111010000
11000110010011100011100010101010100001111010110111
10011011100011011001010010100011010111001000100101
01101000011110000000100110010110000011110110111101
01111111000010111011000110101000100001000000011001
00001010011100010100101110111011001101101111100110
01111011001001010010000101000011000111111110111101
10111001010111110100001001010110010001110110011010
11110101011111010011000100011011100001111111101100
11000001010010100110101000110010110010101111110010
01101000111100100110111110110111011000100100100011
00001100111001001110000111111100110011110110010000
00010100010010110001000001000110011110011110100110
00111100101000100001100111101011011010001011010111
11011110011011101010101101001000010101001011110011
11111101010000000101111110011001000010001010010110
00000001001110010101110000100011100101100100100000
11110101011010110011110010100011101000100001000011
00001001111110001100110110010111110011010111100100
00110101000001111101111110011110110111011100100001
10010001110100010001010000011000110011011001100111
00111100001000101000000010001111011010110110110101
11010110100101110111100011101000010110010011011110
01010111110101000000111001010101101001100111100100
01100011001000011110010011101100011100000110110101
10000010100011101010011111001011110100001010101111
01010001111001111000111110001100111010010110100000
00010110100011001000101111100000011110001000010011
00000001111010111010000010101011101110000110110011
01101000111001000001111001110110100001011011111111
11001001010110000100101111001110000001010011101101
10111000101001100011001101011000001011010100100100
00101011101101001110101011110100111110101110000001
01111000011101100001101011111110001001001111010000
00101100001010110101100111011100010000110010011011
11010000110010001010011011000111110101100110010011
01101101001101100000001111000110111000011101000101
01111000001000010011001000100010001011110111110111
11111111100000110111100110111010011010010111110011
00011010010010110001000011010110011001000100010101
00100000111000101000100011100111010010110010110110
50 50
00110101000101111010100000100100100010100000111010
10110000100000110101110101011011101101000100000100
10010110000011111011001111110011100101000110011000
00101011000011101000100110000010111000011110101001
00010010111001100001111100101100000001111001101000
10000100110110111110000100011101001011110111011001
10111000101111100101100011110011101001011001010001
00001101100100010100110100101100111111000100110101
11011110001000101101000100111000000001100001010010
01000010010001101100010100110111100111100010100110
01111111100001100110110100111010001000100010111110
10011001101101011111110100100010100111000010000011
00001110100001111111001111000100011000110011111011
10101100110000111000110011110000001000011011100100
11100101000000111010100010011110000001101000111111
11011100001000001100110110010010000000010101000011
11101110001000100011001001111110101100010111110010
01100110011111110101110011101011001101000011101001
10011110000001011000110110110000000111110000111000
10010100100010100010100100000011010101100000010111
00101111110101001110001100001010001100111001101001
01100011011001111000001010000100100011101110011011
10000100001001011000101001001101001001001001011100
01101101000010000001010010100101110000101001110010
11110101110100100110111001100110111011100101101101
00101010011011111101001011001001011100011101011010
10110100000011000111011011100010001111010000011011
11011110101011010100010111010010111010001100010110
01011000101100110100110100100000001101011110100100
01001001010110111101011001101000001101101001100001
00011110001111000001001110010011010101101111010101
00010000000000011010110010111010011110010000101111
11011010100000011001101000111010110010010111101110
00001011011011101110111110101001100001001001100011
00110101000110110101001000000010111100100100011001
01111001010011001110111010110110100111001101100000
00101001001001110010111000110110000110011101111100
01111000000011111100111111001010101000000001011111
00001100110010010001000010110110111001110101110110
11100110001100000000110010111100111111010001100110
10100111111101011001010011111101011111111000001111
00010111010100011001011010111110101111101001110011
01100010001101110001011010011100110010000000001000
00100110101010001000001100101111011111100101110110
01000110110100011100101000000011000001010110010100
00000110111101110010111101101011111110011110101011
11010100001000000101011111010101001010100011100001
01100100110110010101101011110010001000010100110011
00111111101010001011001101000111011010001010111001
00011101101100010000011000111000000000011011011001
50 50
00101100011011000011100101010110011001001111000000
10111100010110011010011110010111000001100101101000
11100101111110001110010010100100101100010001011111
00100000000001100101011011101111010111100100011111
10110101110000101011000010010110100000101110010011
11111010110100111110000000110110001101110100011010
10100011110111100011010101101111010110110110101011
10000110110011110111000001001011100100000011010110
11101110111011000111111101011111000010000100000101
00000011001101110100111111110000011001100110101101
11010010100001011001101101010011011111001001101100
11110010111101001110111001001001011110000100001110
01001010010110010101010011011010010000000000001110
00110101110111011100101010011011010000010101000001
10101001010100111000110101101011100010110011001010
11110100000000100011110010000100011100111011101000
00000100001010100100101100011100111111011011111011
11010100010001011110100101001101001110111011001110
00111010101001110101000100011100010110110000110001
00010011101001010010011001101001111011101110111101
00110110000001111001111110001110011001000110101101
11100010001110101101110010010101000111010111100110
00111011011100000000111000001000111000100100010100
11101101010000111110010011111010011100000000110111
01110100010000000100111101101010000111101100000111
10001000000101001010001111100000100011100010000000
01011011110000101011100000011011101110010100100101
10111101011111000010001110001110010001011111111001
00110111010100000001100110101010110001011001101001
11010000100110110000001011111001010000101111100111
10101111011100111010110111001001010111110011001101
01111110100010011110111001010010000011110110111001
10110001001100111101111000111010111110010101001101
00110001101011100100010001011101101110001010000000
10000110101010001110100001100110110111000111110011
11101101101101101000111111100011101100010101011110
10010100001000111001101011010011101011011101011100
11100000100001001010010000000100101000011000010011
10000010010011100110000010111010100100001010101011
10110100101101101001011000101101100101011000100000
00101011111111000111000110001010010010101101010010
11101100100101111110110110111011010001000010101000
11111110111101011010010100001010010100101010010011
11010111111110111111111101110001000101111101101011
11100100110111011111111101101000001010011110011110
00000101000110000000001000111111001111100001001001
01000101011010001110110100111100011110111011100001
11001011011100101010010101111011111110001110001100
10010010110010011111010011000110100111001110101111
00011011001110100011011000110000001001101111000111
